"V1","V2"
-90,69
-89.5,69
-89.5,69.5
-88.5,69.5
-88.5,69
-88,69
-88,68.5
-87.5,68.5
-87.5,68
-88,68
-88,67.5
-87,67.5
-87,68.5
-86.5,68.5
-86.5,68
-86,68
-86,69
-85.5,69
-85.5,70
-89,70
-89,70.5
-89.5,70.5
-89.5,71
-90,71
-90,71.5
-90.5,71.5
-90.5,72
-90,72
-90,73
-89.5,73
-89.5,73.5
-88.5,73.5
-88.5,74.5
-92.5,74.5
-92.5,76
-94.5,76
-94.5,75.5
-93.5,75.5
-93.5,74.5
-92.5,74.5
-92.5,74
-90,74
-90,73.5
-91,73.5
-91,73
-91.5,73
-91.5,72.5
-93.5,72.5
-93.5,71.5
-93,71.5
-93,71
-92,71
-92,70.5
-91.5,70.5
-91.5,70
-92,70
-92,69.5
-91.5,69.5
-91.5,70
-91,70
-91,69.5
-90,69.5
-90,69
-90.5,69
-90.5,68.5
-90,68.5
-90,69
